0 1.65 0.60 89.12 5.96 13.79 6.02 7.93 2.62 15.48 0.50 45.99 1.54 100
1 1.69 0.63 88.07 4.39 10.05 3.88 8.95 1.96 13.36 0.36 44.05 1.22 100
2 1.68 0.61 90.26 5.61 11.15 7.54 12.06 2.47 13.68 0.47 41.60 1.39 100
3 1.83 0.75 90.88 5.68 16.90 6.48 13.88 2.79 16.01 0.51 45.77 1.47 100
4 1.70 0.56 87.58 5.30 12.42 4.92 12.64 2.09 14.24 0.41 41.31 1.28 100
5 1.76 0.63 88.58 4.94 12.23 6.34 15.29 2.78 18.29 0.57 48.86 1.51 100
6 3.28 1.14 90.44 5.25 11.71 6.43 11.11 2.90 15.81 0.52 44.44 1.47 100
7 1.83 0.72 88.64 4.59 19.86 6.22 10.48 2.55 18.73 0.52 50.88 1.55 100
11 1.63 0.63 87.99 5.34 15.76 6.06 11.82 3.11 15.66 0.59 44.26 1.66 100
12 1.68 0.59 90.22 4.60 10.13 3.57 10.41 2.14 14.57 0.39 44.05 1.25 100
13 1.47 0.62 86.91 6.31 11.06 7.62 7.74 4.08 14.67 0.70 43.22 1.87 100
14 1.52 0.59 91.43 6.40 7.60 4.46 11.59 2.50 13.48 0.44 44.25 1.49 100
15 1.74 0.64 89.40 4.40 16.83 5.47 12.28 2.88 16.24 0.53 46.55 1.49 100
16 1.66 0.60 85.95 4.79 6.72 5.58 5.38 2.55 14.64 0.47 45.76 1.46 100
17 1.81 0.67 87.70 6.13 22.71 8.12 10.45 4.27 20.66 0.88 51.02 2.15 100
18 1.59 0.63 89.93 4.53 5.31 3.18 6.64 1.62 10.20 0.29 38.47 1.10 100
19 1.64 0.60 90.34 4.27 17.09 4.05 14.03 2.04 15.05 0.43 48.42 1.35 100
20 1.51 0.62 89.82 3.35 12.56 2.78 7.94 1.51 15.16 0.30 49.42 1.06 100
21 1.83 0.63 87.92 5.53 14.35 9.32 12.57 3.33 18.04 0.72 47.71 1.84 100
22 1.62 0.65 90.56 5.14 11.90 3.89 9.28 2.06 12.27 0.36 41.28 1.25 100
23 1.94 0.71 90.80 3.78 15.27 4.15 13.78 1.98 20.32 0.39 53.33 1.18 100
24 2.01 0.75 90.55 4.87 17.23 4.70 15.67 2.19 20.28 0.46 51.55 1.37 100
25 1.85 0.68 90.45 5.08 25.62 5.33 15.38 2.59 20.68 0.53 50.35 1.46 100
26 1.63 0.66 90.82 3.63 16.83 3.06 11.76 1.76 17.01 0.34 48.62 1.08 100
30 1.80 0.65 88.45 4.90 10.69 5.44 11.06 2.92 15.15 0.53 42.65 1.44 100
31 1.64 0.59 90.15 3.87 14.01 3.39 8.87 1.76 13.08 0.31 45.47 1.12 100
33 1.83 0.63 87.02 5.25 7.61 5.08 8.63 2.27 15.10 0.44 43.74 1.34 100
34 2.11 0.76 90.90 4.77 19.97 4.52 13.18 2.21 22.72 0.48 56.17 1.42 100
35 2.26 0.79 89.61 4.87 14.29 5.85 22.50 2.86 25.75 0.66 51.88 1.57 100
37 2.37 0.76 92.46 6.05 13.80 2.27 10.80 1.19 14.03 0.22 42.83 0.93 100
38 2.38 0.74 90.55 5.39 14.03 2.18 9.32 1.14 12.94 0.21 40.32 0.86 100
39 2.33 0.87 90.38 5.85 10.19 2.36 8.45 1.25 12.05 0.21 38.75 0.87 100
40 2.52 0.79 90.94 6.69 61.62 4.10 64.09 2.50 72.45 0.61 81.24 1.40 100
