0 2.07 0.53 91.90 6.09 15.05 6.27 8.03 2.69 16.58 0.52 48.56 1.59 0
1 2.13 0.48 92.52 4.57 13.24 4.12 9.65 2.05 14.97 0.38 47.16 1.28 0
2 2.20 0.49 95.77 5.89 11.15 8.14 12.71 2.60 15.38 0.50 46.62 1.50 0
3 2.36 0.60 90.02 5.65 15.79 6.41 13.39 2.77 14.76 0.49 44.93 1.45 0
4 2.34 0.47 95.83 5.67 17.39 5.41 16.17 2.28 17.36 0.46 47.57 1.41 0
5 2.39 0.55 92.60 5.12 13.46 6.73 15.49 2.86 18.85 0.58 51.95 1.57 0
6 4.29 0.98 90.93 5.26 9.71 6.46 11.44 2.89 15.02 0.50 44.07 1.47 0
7 2.28 0.48 86.77 4.54 17.26 6.12 8.73 2.49 17.18 0.50 49.56 1.52 0
11 1.92 0.44 91.88 5.50 14.47 6.24 12.64 3.21 16.38 0.61 46.76 1.72 0
12 1.94 0.44 93.17 4.71 10.13 3.72 10.13 2.19 15.53 0.41 46.43 1.30 0
13 1.87 0.43 95.74 6.86 19.71 8.67 8.58 4.38 17.94 0.78 49.94 2.06 0
14 1.80 0.40 95.91 6.69 7.35 4.65 11.68 2.60 14.54 0.46 47.57 1.57 0
15 2.10 0.44 93.15 4.56 18.07 5.83 14.78 3.05 17.86 0.56 50.15 1.56 0
16 2.04 0.42 91.89 5.04 11.56 5.93 6.53 2.67 15.93 0.49 48.94 1.53 0
17 2.15 0.43 94.21 6.45 27.05 8.73 12.70 4.48 23.03 0.94 55.44 2.27 0
18 1.78 0.39 96.45 4.81 9.23 3.46 7.61 1.72 11.59 0.31 42.75 1.17 0
19 1.93 0.38 91.43 4.31 16.58 4.18 14.58 2.07 15.18 0.43 49.72 1.38 0
20 1.75 0.41 88.01 3.29 9.21 2.63 6.22 1.43 12.64 0.27 46.17 1.01 0
21 2.19 0.47 94.08 5.80 14.35 9.61 14.67 3.51 20.21 0.77 51.53 1.93 0
22 2.02 0.46 94.63 5.33 13.62 4.12 9.93 2.15 13.36 0.38 44.38 1.31 0
23 2.41 0.48 87.66 3.67 11.26 3.87 10.10 1.83 15.41 0.33 47.29 1.09 0
24 2.58 0.58 87.86 4.76 14.17 4.47 12.36 2.07 16.18 0.40 47.45 1.29 0
25 2.43 0.52 88.90 5.02 23.15 5.18 13.93 2.53 19.00 0.50 48.84 1.43 0
26 1.83 0.40 90.40 3.62 15.42 3.02 11.29 1.74 16.27 0.33 48.08 1.07 0
30 1.99 0.45 90.22 4.98 11.56 5.57 10.61 2.94 15.13 0.53 43.95 1.47 0
31 1.91 0.38 90.48 3.88 12.74 3.42 8.63 1.76 12.76 0.31 45.79 1.13 0
33 2.23 0.45 97.82 5.73 12.53 5.62 11.04 2.44 18.88 0.50 50.53 1.47 0
34 3.86 0.76 88.60 4.69 19.97 4.46 11.84 2.19 21.30 0.46 55.62 1.41 0
35 4.51 0.77 93.62 5.03 16.95 6.18 25.00 3.03 31.72 0.75 58.33 1.70 0
37 3.18 0.70 92.37 6.04 13.99 2.28 10.60 1.19 13.76 0.22 43.11 0.93 0
38 3.21 0.70 90.26 5.37 12.91 2.15 8.63 1.13 12.30 0.20 39.52 0.84 0
39 2.90 0.64 89.63 5.79 8.22 2.28 7.48 1.20 10.85 0.20 36.71 0.84 0
40 3.26 0.75 89.61 6.14 13.82 2.29 8.29 1.18 14.27 0.22 40.87 0.88 0
