0 1.65 0.42 92.38 6.12 16.61 6.36 7.52 2.68 17.29 0.53 48.63 1.60 100
1 1.71 0.38 94.07 4.62 14.31 4.19 10.03 2.06 15.88 0.39 48.15 1.30 100
2 1.71 0.39 94.50 5.87 9.71 8.11 14.18 2.64 16.30 0.52 47.47 1.52 100
3 1.77 0.47 90.02 5.64 15.24 6.31 13.19 2.75 14.96 0.49 44.63 1.44 100
4 1.67 0.35 95.73 5.67 16.77 5.41 16.03 2.29 18.09 0.47 47.55 1.41 100
5 1.74 0.37 92.98 5.14 12.54 6.70 17.35 2.92 20.52 0.61 53.20 1.59 100
6 3.27 0.78 90.73 5.26 11.14 6.48 10.89 2.93 16.23 0.53 45.05 1.49 100
7 1.81 0.44 88.07 4.58 19.15 6.16 9.96 2.52 18.25 0.51 50.25 1.54 100
11 1.59 0.39 90.96 5.48 15.76 6.22 12.09 3.21 16.84 0.62 46.97 1.72 100
12 1.65 0.36 93.25 4.71 11.87 3.73 11.10 2.21 16.22 0.42 46.16 1.29 100
13 1.51 0.41 95.43 6.83 21.15 8.69 9.41 4.39 18.86 0.81 50.45 2.07 100
14 1.53 0.37 95.78 6.69 8.82 4.68 12.76 2.63 15.28 0.47 48.41 1.59 100
15 1.73 0.37 93.71 4.58 20.54 5.90 15.50 3.09 18.78 0.58 50.60 1.57 100
16 1.63 0.39 92.88 5.07 10.22 5.93 7.97 2.71 17.22 0.52 49.81 1.55 100
17 1.80 0.41 93.49 6.42 24.64 8.62 12.70 4.49 23.98 0.96 55.79 2.28 100
18 1.54 0.38 96.15 4.81 9.51 3.47 8.87 1.76 12.45 0.33 43.97 1.19 100
19 1.62 0.41 91.70 4.32 16.25 4.15 14.51 2.09 16.13 0.45 50.25 1.39 100
20 1.48 0.36 87.70 3.28 10.66 2.64 6.11 1.43 13.11 0.27 46.38 1.02 100
21 1.81 0.38 95.07 5.87 15.74 9.78 14.37 3.55 21.58 0.80 52.39 1.95 100
22 1.58 0.39 94.26 5.33 13.62 4.10 10.08 2.16 14.00 0.39 44.46 1.31 100
23 1.90 0.45 87.92 3.68 12.27 3.90 10.88 1.85 15.99 0.34 47.71 1.09 100
24 1.98 0.50 87.45 4.75 15.14 4.46 12.98 2.08 16.54 0.41 47.62 1.30 100
25 1.80 0.42 88.12 4.98 23.53 5.14 14.15 2.52 19.07 0.50 48.39 1.42 100
26 1.59 0.38 90.31 3.62 16.30 3.02 11.08 1.75 16.52 0.33 48.03 1.07 100
30 1.78 0.39 90.78 5.01 10.98 5.57 11.51 3.00 16.24 0.55 44.87 1.49 100
31 1.60 0.37 90.21 3.87 13.78 3.41 8.87 1.77 13.32 0.31 45.85 1.13 100
33 1.80 0.41 98.12 5.74 13.65 5.64 13.03 2.50 19.95 0.52 51.15 1.48 100
34 2.04 0.49 89.12 4.68 17.75 4.30 11.11 2.13 19.51 0.44 52.93 1.36 100
35 2.25 0.56 93.28 5.01 16.71 6.06 25.26 2.97 28.85 0.71 54.20 1.62 100
37 2.40 0.52 92.55 6.04 13.67 2.25 10.46 1.18 13.64 0.22 42.20 0.92 100
38 2.32 0.44 89.89 5.33 13.09 2.11 8.36 1.10 11.58 0.20 38.26 0.83 100
39 2.34 0.58 90.22 5.81 9.07 2.27 7.61 1.20 10.99 0.20 36.59 0.84 100
40 2.55 0.54 88.28 6.08 13.36 2.26 7.88 1.16 13.67 0.21 39.72 0.86 100
