0 1.66 0.64 0.00 0.00 0.00 0.00 0.00 0.00 0.00 0.00 0.00 0.00
0 1.66 0.64 0.00 0.00 0.00 0.00 0.00 0.00 0.00 0.00 0.00 0.00
0 1.66 0.64 0.00 0.00 0.00 0.00 0.00 0.00 0.00 0.00 0.00 0.00
0 1.66 0.64 0.00 0.00 0.00 0.00 0.00 0.00 0.00 0.00 0.00 0.00
0 1.66 0.61 84.89 5.76 9.72 5.75 5.46 2.50 12.92 0.45 42.07 1.45
0 1.66 0.61 84.89 5.76 9.72 5.75 5.46 2.50 12.92 0.45 42.07 1.45
0 1.66 0.61 84.89 5.76 9.72 5.75 5.46 2.49 12.79 0.45 42.00 1.44
0 1.66 0.61 85.61 5.79 10.34 5.78 5.36 2.50 13.00 0.45 42.24 1.45
0 1.66 0.61 86.70 5.84 12.23 5.90 5.05 2.51 13.42 0.46 43.01 1.47
0 1.66 0.61 84.16 5.72 9.09 5.69 5.26 2.48 12.64 0.45 41.82 1.44
0 1.66 0.61 84.16 5.72 9.09 5.69 5.26 2.48 12.64 0.45 41.82 1.44
