0 0.96 0.31 91.29 6.11 22.57 6.67 9.58 2.80 20.78 0.59 50.63 1.64 10
1 1.02 0.29 95.70 4.68 16.59 4.27 13.49 2.18 19.98 0.45 50.06 1.33 10
2 1.05 0.33 95.98 5.94 12.95 8.36 15.93 2.76 21.45 0.60 50.87 1.59 10
3 1.08 0.34 91.09 5.69 20.50 6.46 14.57 2.84 18.57 0.56 47.09 1.50 10
4 0.89 0.27 96.78 5.73 19.67 5.46 17.55 2.36 22.33 0.53 48.93 1.43 10
5 1.04 0.32 94.85 5.22 19.88 7.06 21.27 3.11 26.23 0.70 56.04 1.65 10
6 1.62 0.50 92.00 5.32 14.29 6.50 13.29 2.99 18.37 0.56 45.73 1.50 10
7 1.11 0.36 90.58 4.67 22.93 6.31 13.80 2.67 23.00 0.59 53.23 1.60 10
11 0.99 0.34 91.65 5.50 18.65 6.36 12.64 3.28 19.68 0.67 48.99 1.77 10
12 1.05 0.29 92.55 4.71 15.19 3.85 12.82 2.30 19.62 0.47 47.99 1.33 10
13 0.94 0.34 96.04 6.90 22.12 8.93 11.30 4.63 24.63 0.94 53.33 2.15 10
14 0.99 0.29 97.70 6.78 12.75 4.93 15.38 2.77 19.22 0.54 50.93 1.64 10
15 1.18 0.32 95.94 4.66 23.02 6.08 19.77 3.28 24.55 0.68 53.55 1.63 10
16 1.01 0.31 93.15 5.09 12.63 6.11 12.10 2.88 22.17 0.60 53.08 1.61 10
17 1.16 0.34 96.09 6.52 27.54 8.85 15.78 4.72 30.92 1.12 58.42 2.35 10
18 0.91 0.24 96.67 4.83 12.73 3.55 10.13 1.82 14.99 0.36 45.59 1.22 10
19 0.97 0.28 92.59 4.35 21.61 4.29 17.74 2.19 19.66 0.50 51.60 1.41 10
20 0.90 0.28 89.03 3.32 11.20 2.68 8.23 1.49 15.55 0.30 47.95 1.04 10
21 1.05 0.33 95.81 5.89 25.00 10.37 20.06 3.77 25.80 0.89 54.25 2.00 10
22 0.93 0.30 94.54 5.35 15.52 4.17 11.68 2.24 17.51 0.44 46.90 1.36 10
23 1.12 0.33 88.73 3.70 15.02 3.98 12.91 1.91 18.94 0.37 49.78 1.12 10
24 1.21 0.32 87.94 4.78 15.78 4.52 15.67 2.15 20.18 0.45 49.39 1.33 10
25 1.03 0.28 89.85 5.05 27.13 5.32 15.53 2.61 22.41 0.55 50.52 1.46 10
26 1.03 0.29 91.28 3.65 17.71 3.09 13.09 1.80 19.45 0.37 49.69 1.09 10
30 1.07 0.37 91.81 5.05 13.01 5.56 11.96 3.06 18.67 0.60 46.42 1.53 10
31 1.02 0.31 90.48 3.89 15.38 3.49 10.09 1.82 16.06 0.35 48.12 1.16 10
33 1.18 0.36 98.41 5.78 21.03 5.93 16.51 2.64 24.96 0.59 53.51 1.53 10
34 1.20 0.39 91.78 4.79 21.89 4.53 14.33 2.25 25.93 0.52 56.01 1.41 10
35 1.34 0.40 94.50 5.06 23.00 6.46 30.95 3.19 37.85 0.84 58.43 1.70 10
37 1.27 0.38 92.91 6.05 14.44 2.25 11.05 1.20 14.94 0.23 42.80 0.93 10
38 1.26 0.35 90.77 5.37 13.72 2.12 9.11 1.12 12.63 0.20 38.86 0.84 10
39 1.37 0.38 88.80 5.78 9.63 2.29 8.57 1.24 12.20 0.21 37.78 0.86 10
40 1.33 0.36 88.63 6.10 13.69 2.23 8.46 1.17 14.24 0.22 39.49 0.86 10
