0 2.00 0.46 92.14 6.10 14.42 6.26 7.93 2.66 16.62 0.52 48.77 1.60 1000
1 2.08 0.48 92.52 4.57 12.94 4.13 10.21 2.06 15.23 0.38 47.35 1.28 1000
2 2.15 0.47 94.39 5.84 12.23 8.15 12.98 2.61 15.58 0.50 46.75 1.50 1000
3 2.31 0.60 90.45 5.66 15.79 6.38 13.19 2.77 14.93 0.49 44.89 1.45 1000
4 2.22 0.41 95.92 5.68 18.22 5.47 16.25 2.29 17.69 0.47 47.55 1.41 1000
5 2.32 0.41 92.60 5.13 12.54 6.74 16.08 2.86 19.33 0.59 52.61 1.58 1000
6 4.16 1.05 90.93 5.27 9.71 6.48 11.76 2.91 15.39 0.51 44.68 1.48 1000
7 2.22 0.58 87.82 4.56 17.97 6.15 9.61 2.51 17.38 0.50 49.75 1.53 1000
11 1.93 0.49 90.50 5.45 14.15 6.24 12.09 3.22 16.73 0.61 47.01 1.72 1000
12 1.94 0.39 92.86 4.70 10.44 3.71 10.20 2.19 15.75 0.41 46.43 1.30 1000
13 1.84 0.38 94.52 6.80 15.87 8.44 9.41 4.39 18.00 0.78 49.94 2.06 1000
14 1.88 0.41 96.04 6.70 8.09 4.71 13.05 2.63 14.92 0.47 48.06 1.58 1000
15 2.08 0.40 94.02 4.59 17.82 5.85 14.26 3.04 18.07 0.57 50.41 1.57 1000
16 1.96 0.39 92.25 5.05 10.75 5.92 6.72 2.67 16.07 0.50 49.20 1.53 1000
17 2.11 0.39 93.78 6.45 26.09 8.69 12.91 4.50 23.06 0.94 55.56 2.27 1000
18 1.82 0.38 96.23 4.80 9.37 3.46 8.19 1.74 11.78 0.32 43.34 1.18 1000
19 1.94 0.40 91.29 4.31 18.09 4.23 14.79 2.09 15.56 0.44 50.08 1.38 1000
20 1.76 0.42 88.41 3.30 10.30 2.65 6.55 1.44 12.97 0.27 46.40 1.02 1000
21 2.16 0.49 94.33 5.82 16.20 9.69 13.02 3.49 20.53 0.78 51.72 1.94 1000
22 1.96 0.48 93.89 5.30 12.76 4.08 9.79 2.15 13.48 0.38 44.52 1.31 1000
23 2.37 0.51 87.51 3.67 11.51 3.88 10.27 1.84 15.77 0.33 47.79 1.09 1000
24 2.47 0.55 87.29 4.74 14.01 4.45 12.61 2.07 16.30 0.40 47.47 1.30 1000
25 2.32 0.45 88.98 5.02 23.53 5.21 13.31 2.52 18.95 0.50 48.89 1.43 1000
26 1.81 0.40 90.59 3.62 15.86 3.02 11.25 1.75 16.28 0.33 48.11 1.07 1000
30 2.01 0.48 91.25 5.02 11.56 5.57 11.17 2.96 15.50 0.54 44.15 1.48 1000
31 1.93 0.40 90.21 3.88 13.43 3.43 8.82 1.78 13.16 0.31 46.13 1.13 1000
33 2.16 0.47 97.82 5.72 15.21 5.67 11.62 2.46 18.99 0.50 50.47 1.47 1000
34 3.03 0.64 89.05 4.68 16.72 4.34 10.87 2.13 19.79 0.44 53.98 1.38 1000
35 3.52 0.57 94.41 5.04 15.74 6.09 24.05 2.98 29.94 0.73 56.27 1.66 1000
37 3.09 0.74 93.45 6.08 13.93 2.28 10.77 1.19 13.99 0.22 43.11 0.93 1000
38 3.06 0.66 90.11 5.36 13.09 2.14 8.63 1.12 12.17 0.20 39.38 0.84 1000
39 2.84 0.68 90.38 5.82 8.29 2.28 7.42 1.20 10.95 0.20 36.84 0.84 1000
40 3.02 0.62 88.81 6.10 13.36 2.27 7.69 1.16 13.73 0.21 39.96 0.87 1000
