0 2.05 0.74 90.57 6.02 13.17 6.09 7.72 2.62 15.42 0.50 46.48 1.55 42.20 2.27 1000
1 2.09 0.73 89.78 4.46 10.05 3.96 8.51 1.98 13.73 0.36 45.06 1.24 40.23 1.76 1000
2 2.16 0.74 91.01 5.63 11.15 7.63 11.51 2.47 13.25 0.46 41.27 1.39 38.81 2.06 1000
3 2.32 0.95 90.34 5.66 15.79 6.38 12.99 2.77 14.90 0.49 44.86 1.45 42.06 2.25 1000
4 2.23 0.68 90.62 5.44 12.63 5.09 13.50 2.15 14.98 0.42 43.63 1.33 42.36 2.05 1000
5 2.29 0.67 88.76 4.95 10.40 6.41 15.88 2.78 16.98 0.54 48.74 1.50 42.73 2.18 1000
6 4.37 1.61 90.15 5.24 8.86 6.44 11.33 2.89 15.02 0.50 43.94 1.46 41.84 2.25 1000
7 2.23 0.80 89.77 4.65 20.33 6.38 11.27 2.60 19.93 0.54 52.95 1.59 49.42 2.40 1000
11 1.96 0.74 89.36 5.40 16.72 6.18 11.68 3.15 15.51 0.59 45.12 1.68 42.52 2.45 1000
12 1.99 0.68 91.78 4.65 9.81 3.62 10.13 2.15 14.77 0.40 44.92 1.27 41.99 1.93 1000
13 1.86 0.66 90.11 6.47 13.46 7.76 7.53 4.10 14.64 0.70 43.56 1.88 38.54 2.79 1000
14 1.90 0.63 90.79 6.36 7.35 4.45 10.81 2.48 12.97 0.43 44.14 1.49 37.51 2.08 1000
15 2.12 0.68 90.36 4.44 16.34 5.57 13.22 2.91 15.98 0.53 46.81 1.49 40.89 2.08 1000
16 1.99 0.65 88.29 4.89 7.53 5.71 4.71 2.57 14.41 0.47 46.57 1.48 43.05 2.15 1000
17 2.14 0.65 87.99 6.15 22.71 8.18 11.48 4.27 19.90 0.86 51.08 2.15 44.04 3.09 1000
18 1.86 0.63 89.19 4.51 6.43 3.23 6.75 1.61 9.78 0.28 38.11 1.09 32.36 1.48 1000
19 1.95 0.65 90.27 4.27 17.59 4.15 14.37 2.06 14.86 0.43 48.75 1.36 45.13 1.99 1000
20 1.79 0.68 90.44 3.37 13.46 2.85 9.00 1.54 16.04 0.31 50.97 1.08 47.35 1.50 1000
21 2.20 0.76 89.15 5.58 12.96 9.29 13.02 3.32 17.78 0.72 47.80 1.84 46.34 2.76 1000
22 1.99 0.73 91.49 5.18 12.59 3.98 8.99 2.09 12.10 0.36 42.13 1.27 38.49 1.85 1000
23 2.42 0.78 90.85 3.78 15.02 4.15 13.47 1.98 19.91 0.38 53.29 1.18 48.79 1.68 1000
24 2.52 0.95 89.98 4.85 15.30 4.65 15.36 2.19 19.55 0.45 51.33 1.36 50.61 2.06 1000
25 2.31 0.71 90.36 5.08 23.34 5.27 15.07 2.58 19.95 0.52 50.10 1.45 47.88 2.22 1000
26 1.83 0.67 90.96 3.63 16.39 3.06 11.76 1.76 16.76 0.34 48.70 1.08 45.28 1.56 1000
30 2.03 0.77 88.92 4.92 10.98 5.48 10.61 2.94 14.81 0.53 43.06 1.45 38.85 2.11 1000
31 1.96 0.64 89.54 3.86 12.97 3.39 8.68 1.76 12.85 0.31 45.56 1.12 39.87 1.54 1000
33 2.20 0.67 89.40 5.33 6.94 5.11 9.46 2.27 14.71 0.43 44.28 1.35 40.45 1.97 1000
34 3.03 0.95 91.12 4.79 20.86 4.60 13.42 2.25 24.02 0.50 57.88 1.45 54.70 2.12 1000
35 3.51 0.93 90.13 4.88 13.32 5.89 22.59 2.86 25.77 0.66 52.69 1.59 55.10 2.49 1000
37 3.07 1.11 92.01 6.02 14.12 2.25 10.38 1.18 13.43 0.22 42.18 0.92 43.14 1.39 1000
38 2.92 0.90 90.41 5.41 14.34 2.22 9.83 1.17 14.07 0.22 41.93 0.88 40.64 1.32 1000
39 2.77 0.97 90.30 5.85 10.05 2.35 8.20 1.25 11.95 0.21 38.85 0.87 38.08 1.27 1000
40 3.00 0.83 91.03 6.67 56.65 3.92 55.97 2.33 68.23 0.58 78.33 1.37 79.28 2.08 1000
