0 1.66 0.64 0.00 0.00 0.00 0.00 0.00 0.00 0.00 0.00 0.00 0.00
0 2.13 0.80 0.00 0.00 0.00 0.00 0.00 0.00 0.00 0.00 0.00 0.00
0 2.13 0.80 0.00 0.00 0.00 0.00 0.00 0.00 0.00 0.00 0.00 0.00
0 2.15 0.80 85.25 5.77 9.40 5.79 4.85 2.48 12.69 0.45  inf  inf
0 2.15 0.80 85.25 5.77 9.40 5.79 4.85 2.48 12.69 0.45  inf  inf
0 2.15 0.80 85.25 5.77 9.40 5.79 4.85 2.48 12.69 0.45 42.87 1.46
0 2.15 0.80 85.25 5.77 9.40 5.79 4.85 2.48 12.69 0.45 42.87 1.46
0 2.15 0.80 85.25 5.77 9.40 5.79 4.85 2.48 12.69 0.45 42.87 1.46
0 2.15 0.80 85.25 5.77 9.40 5.79 4.85 2.48 12.61 0.45 42.77 1.46
0 2.15 0.80 87.67 5.88 10.66 5.94 4.95 2.54 13.80 0.47 44.62 1.50
0 2.15 0.80 88.51 5.92 10.97 6.02 5.05 2.57 14.10 0.47 45.00 1.51
0 2.15 0.80 84.52 5.74 9.09 5.76 4.85 2.47 12.47 0.44 42.49 1.45
0 2.15 0.80 84.52 5.74 9.09 5.76 4.85 2.47 12.47 0.44 42.49 1.45
