0 0.97 0.55 87.79 5.91 18.81 6.31 8.55 2.69 18.21 0.55 47.36 1.57 43.48 2.31 10
1 1.05 0.45 85.26 4.28 11.26 3.85 8.58 1.95 15.29 0.38 43.91 1.22 39.85 1.75 10
2 1.11 0.49 85.61 5.39 11.51 7.37 13.26 2.49 16.27 0.51 42.19 1.41 40.32 2.11 10
3 1.12 0.59 90.99 5.67 19.67 6.35 14.27 2.82 17.73 0.54 46.25 1.48 43.92 2.31 10
4 0.93 0.43 88.91 5.36 14.49 5.06 13.94 2.19 19.06 0.49 44.36 1.34 45.76 2.15 10
5 1.07 0.50 86.24 4.84 13.46 6.33 17.65 2.86 21.46 0.62 49.80 1.53 45.62 2.28 10
6 1.68 0.79 90.15 5.23 12.29 6.32 11.11 2.89 16.97 0.54 43.46 1.45 40.90 2.21 10
7 1.14 0.62 89.12 4.60 24.35 6.25 12.75 2.61 21.62 0.57 51.57 1.57 46.54 2.30 10
11 1.06 0.51 85.70 5.23 14.47 5.81 11.55 3.14 16.99 0.62 44.43 1.66 40.93 2.39 10
12 1.07 0.48 92.01 4.65 13.61 3.71 11.85 2.23 18.07 0.45 45.91 1.29 44.56 2.01 10
13 0.98 0.50 84.63 6.25 16.83 8.05 8.79 4.24 19.49 0.82 46.27 1.96 41.90 2.95 10
14 1.01 0.46 87.98 6.21 9.07 4.45 12.37 2.52 15.24 0.47 44.70 1.50 40.02 2.16 10
15 1.23 0.56 88.53 4.39 18.81 5.60 14.98 3.01 19.46 0.59 48.01 1.52 43.59 2.17 10
16 1.06 0.51 86.13 4.79 10.75 5.67 6.82 2.64 18.17 0.53 47.75 1.50 45.74 2.23 10
17 1.15 0.50 87.99 6.14 26.57 8.34 12.70 4.37 26.40 1.02 52.57 2.19 46.30 3.20 10
18 0.92 0.46 88.16 4.46 6.99 3.19 8.13 1.66 12.00 0.32 38.60 1.10 34.16 1.54 10
19 1.01 0.42 88.91 4.21 20.27 4.11 16.64 2.10 17.31 0.46 48.78 1.36 46.39 2.02 10
20 0.95 0.44 89.55 3.35 12.56 2.75 9.18 1.53 16.71 0.31 49.44 1.06 45.25 1.46 10
21 1.09 0.60 88.90 5.57 17.59 9.44 14.22 3.49 21.80 0.81 49.47 1.88 51.41 2.96 10
22 0.97 0.47 88.62 5.05 12.07 3.88 10.01 2.12 14.40 0.40 42.35 1.27 39.51 1.88 10
23 1.16 0.54 91.00 3.81 18.15 4.27 17.85 2.08 24.72 0.43 55.53 1.21 51.60 1.75 10
24 1.20 0.57 90.06 4.86 17.55 4.65 16.67 2.20 21.79 0.48 51.02 1.36 50.17 2.05 10
25 1.07 0.48 90.10 5.05 26.94 5.33 15.84 2.62 22.58 0.56 50.60 1.46 48.16 2.23 10
26 1.06 0.47 90.54 3.62 16.74 3.02 12.02 1.77 18.57 0.36 48.59 1.08 45.43 1.56 10
30 1.07 0.50 87.90 4.85 10.69 5.22 10.39 2.96 16.66 0.56 43.37 1.46 39.51 2.13 10
31 1.08 0.56 89.65 3.86 14.35 3.43 9.46 1.79 15.23 0.34 46.70 1.14 42.17 1.60 10
33 1.20 0.54 84.94 5.15 9.62 5.12 10.37 2.34 17.91 0.48 44.54 1.35 41.68 2.01 10
34 1.24 0.61 91.27 4.80 24.41 4.67 15.66 2.30 27.89 0.54 57.70 1.44 55.28 2.14 10
35 1.38 0.61 89.34 4.88 17.92 6.02 27.07 3.04 32.41 0.76 53.51 1.60 56.11 2.52 10
37 1.34 0.63 92.73 6.05 14.51 2.25 11.11 1.20 15.02 0.23 43.00 0.93 43.11 1.39 10
38 1.24 0.49 89.23 5.30 12.97 2.08 8.55 1.10 11.96 0.20 37.81 0.82 35.63 1.21 10
39 1.45 0.66 90.05 5.84 10.54 2.31 8.85 1.26 12.55 0.21 38.34 0.87 36.72 1.24 10
40 1.38 0.59 91.47 6.65 54.55 3.84 53.02 2.26 64.92 0.56 76.74 1.35 78.07 2.05 10
