0 2.06 0.74 90.93 6.04 13.17 6.10 8.14 2.62 15.42 0.50 47.08 1.56 42.71 2.29 0
1 2.18 0.73 89.41 4.45 10.50 3.94 8.76 1.98 13.36 0.36 44.57 1.23 39.90 1.75 0
2 2.20 0.75 91.01 5.63 8.27 7.54 11.23 2.45 13.04 0.46 41.83 1.40 39.13 2.07 0
3 2.40 0.88 90.24 5.66 14.13 6.43 13.48 2.80 15.33 0.50 45.35 1.46 42.82 2.27 0
4 2.35 0.65 90.52 5.44 12.01 5.06 13.36 2.15 14.56 0.42 43.29 1.32 41.67 2.02 0
5 2.41 0.82 89.42 4.97 8.87 6.38 14.90 2.75 16.91 0.54 48.61 1.50 42.42 2.17 0
6 4.52 1.65 89.85 5.22 9.43 6.40 11.76 2.87 14.52 0.49 43.33 1.45 41.16 2.22 0
7 2.32 0.84 89.69 4.65 20.57 6.39 10.74 2.59 19.84 0.54 52.85 1.59 49.73 2.41 0
11 1.90 0.69 87.99 5.35 13.83 6.07 12.23 3.14 15.41 0.58 44.39 1.66 42.62 2.45 0
12 1.98 0.68 91.08 4.63 10.60 3.62 9.24 2.14 14.67 0.40 44.99 1.27 42.30 1.94 0
13 1.90 0.70 87.67 6.37 11.54 7.65 8.37 4.07 14.15 0.69 43.56 1.88 37.66 2.75 0
14 1.82 0.63 91.05 6.39 7.11 4.40 10.91 2.48 12.71 0.43 43.76 1.48 37.26 2.07 0
15 2.13 0.74 90.60 4.44 14.85 5.52 12.38 2.89 15.21 0.51 45.83 1.47 40.14 2.05 0
16 2.10 0.70 89.01 4.91 8.60 5.76 5.00 2.58 14.29 0.46 46.89 1.49 43.57 2.16 0
17 2.13 0.61 88.71 6.17 23.19 8.21 11.27 4.27 19.77 0.86 50.90 2.14 44.95 3.13 0
18 1.81 0.66 89.19 4.52 6.43 3.19 6.53 1.59 9.42 0.28 37.20 1.07 31.53 1.46 0
19 1.97 0.65 90.27 4.27 17.25 4.15 14.10 2.03 14.58 0.42 48.52 1.35 44.95 1.98 0
20 1.79 0.68 90.26 3.36 11.47 2.78 7.39 1.50 14.71 0.29 49.32 1.06 45.28 1.46 0
21 2.27 0.75 90.14 5.64 12.50 9.25 12.28 3.34 17.80 0.72 47.75 1.84 47.13 2.79 0
22 2.05 0.73 91.12 5.17 12.93 3.94 8.70 2.08 11.78 0.35 41.73 1.26 37.33 1.81 0
23 2.45 0.82 90.90 3.78 14.39 4.13 13.30 1.98 19.72 0.38 53.14 1.18 48.52 1.68 0
24 2.61 0.82 90.30 4.87 16.26 4.68 15.11 2.19 19.92 0.45 51.83 1.37 51.00 2.07 0
25 2.44 0.75 90.62 5.09 23.53 5.30 15.46 2.60 20.63 0.53 51.14 1.47 49.06 2.25 0
26 1.86 0.67 91.09 3.64 15.95 3.06 11.46 1.76 16.82 0.34 48.80 1.08 45.09 1.56 0
30 1.99 0.75 89.20 4.94 10.12 5.49 10.73 2.93 14.83 0.53 43.26 1.46 39.09 2.12 0
31 1.92 0.61 89.71 3.85 12.97 3.38 8.39 1.75 12.37 0.30 44.86 1.11 39.32 1.53 0
33 2.23 0.75 88.40 5.28 7.83 5.10 8.80 2.25 14.29 0.43 43.68 1.33 39.77 1.95 0
34 3.98 1.20 90.90 4.77 21.01 4.61 13.30 2.25 23.89 0.50 57.84 1.44 54.65 2.12 0
35 4.53 1.19 90.57 4.90 14.53 5.94 22.41 2.91 27.46 0.69 54.51 1.62 56.98 2.54 0
37 3.11 0.96 92.64 6.05 13.73 2.26 10.52 1.18 13.59 0.22 42.81 0.93 43.46 1.40 0
38 3.11 0.91 89.82 5.39 14.40 2.22 9.67 1.16 13.94 0.22 41.71 0.87 40.58 1.32 0
39 2.88 0.99 91.05 5.89 10.12 2.39 8.39 1.27 12.55 0.21 39.83 0.89 39.31 1.30 0
40 3.08 0.93 91.12 6.67 56.97 3.94 55.94 2.33 68.32 0.58 78.36 1.37 79.25 2.08 0
